0.9771223
-0.045219973
-0.044149913
-0.043082047
-0.042017393
-0.04095692
-0.039901547
-0.03885215
-0.03780956
-0.036774553
-0.035747875
-0.034730222
-0.033722248
-0.032724574
-0.03173778
-0.0307624
-0.029798945
-0.02884788
-0.027909642
-0.02698463
-0.02607322
-0.025175743
-0.024292512
-0.023423808
-0.022569882
-0.021730958
-0.020907236
-0.020098893
-0.019306075
-0.018528914
-0.017767511
-0.017021954
-0.016292306
-0.015578608
-0.014880887
-0.014199153
-0.013533392
-0.012883582
-0.01224968
-0.011631629
-0.011029362
-0.010442792
-0.009871825
-0.009316352
-0.008776253
-0.0082514
-0.0077416496
-0.0072468547
-0.0067668557
-0.006301486
-0.0058505703
-0.0054139276
-0.0049913684
-0.004582699
-0.004187718
-0.0038062201
-0.0034379945
-0.0030828263
-0.0027404965
-0.002410783
-0.00209346
-0.0017882988
-0.0014950694
-0.0012135385
-0.0009434717
-0.00068463315
-0.0004367859
-0.00019969216
0.000026886315
0.00024318803
0.00044945144
0.0006459147
0.00083281554
0.0010103908
0.0011788765
0.0013385074
0.0014895169
0.001632137
0.001766598
0.001893128
0.0020119534
0.0021232984
0.0022273848
0.002324432
0.0024146566
0.002498273
0.0025754927
0.002646524
0.0027115725
0.0027708407
0.0028245281
0.002872831
0.0029159423
0.0029540518
0.0029873457
0.0030160071
0.0030402157
0.0030601472
0.0030759743
0.0030878664
0.0030959886
0.0031005032
0.0031015687
0.0030993398
0.003093968
0.0030856007
0.0030743827
0.0030604545
0.003043953
0.0030250123
0.003003762
0.0029803296
0.0029548376
0.002927406
0.0028981515
0.0028671871
0.0028346223
0.0028005638
0.0027651147
0.0027283751
0.002690442
0.0026514085
0.0026113656
0.002570401
0.002528599
0.0024860415
0.002442807
0.0023989715
0.0023546077
0.0023097864
0.002264575
0.0022190385
0.0021732394
0.0021272372
0.0020810894
0.002034851
0.0019885744
0.0019423096
0.0018961045
0.001850005
0.0018040545
0.0017582943
0.0017127637
0.0016674999
0.0016225382
0.0015779121
0.0015336531
0.0014897909
0.0014463535
0.001403367
0.0013608561
0.0013188439
0.0012773516
0.0012363992
0.0011960051
0.0011561865
0.0011169588
0.0010783364
0.0010403325
0.0010029586
0.0009662257
0.00093014294
0.0008947188
0.00085996056
0.00082587445
0.00079246575
0.0007597388
0.00072769704
0.00069634296
0.0006656783
0.00063570397
0.0006064201
0.0005778261
0.0005499208
0.00052270206
0.00049616746
0.00047031377
0.0004451373
0.00042063367
0.0003967982
0.00037362555
0.00035111
0.00032924543
0.00030802522
0.0002874425
0.0002674899
0.00024815986
0.00022944444
0.00021133541
0.00019382431
0.00017690241
0.00016056078
0.00014479028
0.00012958156
0.00011492515
0.0001008114
0.000087230525
0.000074172654
0.00006162778
0.000049585848
0.0000380367
0.00002697013
0.0000163759
0.000006243728
-0.0000034366776
-0.000012675621
-0.000021483402
-0.000029870303
-0.000037846585
-0.000045422472
-0.000052608146
-0.000059413735
-0.000065849315
-0.00007192488
-0.00007765035
-0.000083035586
-0.000088090324
-0.00009282423
-0.00009724686
-0.00010136767
-0.00010519599
-0.00010874106
-0.000112011956
-0.000115017676
-0.00011776706
-0.00012026883
-0.00012253156
-0.00012456371
-0.00012637356
-0.0001279693
-0.00012935892
-0.00013055028
-0.00013155113
-0.00013236904
-0.0001330114
-0.00013348549
-0.00013379844
-0.0001339572
-0.00013396857
-0.00013383922
-0.00013357564
-0.00013318419
-0.00013267105
-0.00013204226
-0.00013130372
-0.00013046117
-0.00012952018
-0.0001284862
-0.0001273645
-0.00012616024
-0.00012487842
-0.00012352389
-0.00012210134
-0.00012061533
-0.00011907031
-0.000117470554
-0.00011582021
-0.00011412329
-0.0001123837
-0.00011060516
-0.00010879131
-0.00010694565
-0.00010507153
-0.00010317222
-0.00010125084
-0.0000993104
-0.00009735378
-0.00009538378
-0.000093403054
-0.000091414164
-0.00008941956
-0.0000874216
-0.00008542251
-0.000083424435
-0.000081429425
-0.00007943943
-0.0000774563
-0.00007548182
-0.000073517636
-0.00007156536
-0.00006962648
-0.000067702436
-0.00006579456
-0.00006390412
-0.000062032304
-0.000060180235
-0.00005834895
-0.000056539433
-0.000054752585
-0.00005298926
-0.000051250234
-0.00004953623
-0.000047847905
-0.000046185873
-0.000044550678
-0.00004294282
-0.000041362742
-0.000039810846
-0.00003828748
-0.000036792942
-0.000035327503
-0.00003389137
-0.00003248473
-0.000031107716
-0.000029760427
-0.000028442933
-0.000027155264
-0.000025897418
-0.000024669362
-0.000023471033
-0.000022302343
-0.000021163176
-0.000020053383
-0.000018972802
-0.00001792124
-0.000016898488
-0.000015904308
-0.000014938453
-0.000014000651
-0.000013090615
-0.00001220804
-0.000011352609
-0.00001052399
-0.000009721836
-0.000008945791
-0.000008195485
-0.000007470539
-0.000006770565
-0.000006095167
-0.000005443939
-0.0000048164698
-0.000004212341
-0.0000036311303
-0.0000030724082
-0.0000025357429
-0.0000020206978
-0.0000015268347
-0.000001053712
-0.0000006008869
-0.00000016791506
0.00000024564827
0.0000006402482
0.0000010163294
0.000001374336
0.0000017147107
0.000002037895
0.000002344328
0.000002634447
0.000002908686
0.0000031674763
0.0000034112459
0.000003640419
0.000003855416
0.0000040566533
0.000004244542
0.0000044194903
0.0000045818997
0.0000047321673
0.0000048706856
0.0000049978403
0.000005114013
0.0000052195787
0.0000053149065
0.00000540036
0.000005476296
0.0000055430655
0.0000056010135
0.0000056504787
0.0000056917925
0.0000057252805
0.0000057512616
0.000005770048
0.000005781946
0.0000057872544
0.000005786266
0.000005779266
0.000005766534
0.000005748342
0.0000057249576
0.0000056966387
0.0000056636386
0.0000056262033
0.0000055845735
0.0000055389814
0.0000054896545
0.000005436813
0.0000053806716
0.0000053214385
0.0000052593145
0.0000051944967
0.0000051271736
0.00000505753
0.000004985743
0.000004911985
0.0000048364222
0.0000047592157
0.0000046805203
0.0000046004857
0.0000045192564
0.0000044369717
0.000004353765
0.0000042697648
0.000004185096
0.000004099876
0.00000401422
0.000003928237
0.0000038420326
0.0000037557056
0.0000036693527
0.0000035830656
0.0000034969312
0.000003411033
0.00000332545
0.000003240258
0.0000031555278
0.0000030713277
0.0000029877215
0.00000290477
0.0000028225306
0.000002741057
0.0000026603998
0.0000025806064
0.0000025017214
0.0000024237863
0.0000023468394
0.0000022709169
0.0000021960518
0.0000021222745
0.0000020496132
0.0000019780935
0.0000019077381
0.0000018385688
0.0000017706037
0.0000017038597
0.0000016383514
0.0000015740915
0.0000015110908
0.0000014493581
0.0000013889008
0.0000013297247
0.0000012718333
0.0000012152295
0.0000011599141
0.0000011058868
0.0000010531458
0.0000010016881
0.0000009515096
0.00000090260494
0.00000085496765
0.0000008085903
0.0000007634644
0.00000071958067
0.00000067692866
0.0000006354975
0.0000005952752
0.00000055624923
0.0000005184063
0.00000048173257
0.00000044621342
0.0000004118339
0.0000003785784
0.00000034643088
0.0000003153749
0.00000028539358
0.0000002564697
0.00000022858565
0.00000020172362
0.0000001758655
0.00000015099293
0.00000012708738
0.00000010413011
0.00000008210226
0.00000006098485
0.000000040758803
0.000000021404958
0.0000000029041285
-0.000000014762909
-0.00000003161538
-0.000000047672486
-0.000000062953404