0.15149513
0.38993177
0.33604154
0.08730661
-0.053337052
-0.08011949
-0.0622697
-0.044108637
-0.03648501
-0.03547539
-0.036039732
-0.035995763
-0.035201848
-0.034095038
-0.032980796
-0.031943895
-0.03096381
-0.030007768
-0.029060658
-0.028121259
-0.027192693
-0.026277423
-0.02537643
-0.024489928
-0.023617987
-0.02276075
-0.021918437
-0.021091267
-0.020279435
-0.019483102
-0.018702399
-0.017937437
-0.017188301
-0.01645506
-0.015737765
-0.015036442
-0.014351104
-0.013681746
-0.013028344
-0.012390862
-0.011769246
-0.01116343
-0.010573332
-0.009998859
-0.009439906
-0.008896356
-0.0083680805
-0.007854942
-0.0073567936
-0.0068734773
-0.0064048283
-0.0059506744
-0.0055108345
-0.0050851214
-0.0046733427
-0.004275298
-0.0038907838
-0.0035195895
-0.0031615014
-0.0028163018
-0.0024837684
-0.002163677
-0.0018557993
-0.0015599054
-0.0012757626
-0.0010031371
-0.0007417931
-0.0004914938
-0.00025200174
-0.000023078655
0.0001955139
0.00040401443
0.00060266117
0.000791692
0.00097134395
0.0011418533
0.001303455
0.0014563829
0.0016008693
0.0017371448
0.0018654382
0.0019859762
0.0020989834
0.0022046824
0.002303293
0.0023950324
0.0024801155
0.0025587548
0.0026311588
0.002697534
0.0027580836
0.002813008
0.0028625038
0.0029067649
0.0029459817
0.0029803414
0.0030100276
0.003035221
0.003056098
0.003072832
0.0030855932
0.0030945477
0.0030998585
0.0031016846
0.0031001822
0.0030955027
0.003087795
0.0030772046
0.0030638725
0.0030479366
0.0030295318
0.0030087885
0.0029858344
0.0029607937
0.002933787
0.002904931
0.0028743402
0.0028421248
0.0028083918
0.0027732453
0.0027367861
0.0026991118
0.0026603166
0.002620492
0.0025797258
0.0025381038
0.0024957082
0.002452618
0.00240891
0.0023646578
0.0023199324
0.002274802
0.002229332
0.0021835854
0.0021376228
0.002091502
0.0020452784
0.001999005
0.0019527322
0.0019065088
0.0018603809
0.0018143923
0.001768585
0.0017229985
0.0016776707
0.0016326373
0.0015879322
0.0015435872
0.0014996326
0.0014560965
0.0014130058
0.0013703852
0.0013282582
0.0012866466
0.0012455705
0.0012050488
0.0011650986
0.0011257362
0.0010869759
0.0010488313
0.0010113143
0.0009744358
0.00093820563
0.00090263225
0.0008677232
0.00083348504
0.00079992315
0.00076704216
0.00073484564
0.0007033364
0.0006725162
0.0006423862
0.0006129468
0.0005841974
0.00055613706
0.00052876386
0.00050207536
0.00047606858
0.0004507399
0.00042608514
0.0004020996
0.00037877815
0.00035611517
0.00033410455
0.00031273984
0.00029201419
0.00027192038
0.00025245085
0.00023359778
0.00021535296
0.00019770802
0.00018065427
0.00016418281
0.00014828458
0.00013295024
0.00011817038
0.00010393535
0.00009023543
0.00007706074
0.00006440131
0.000052247102
0.00004058797
0.000029413724
0.000018714129
0.000008478913
-0.0000013022183
-0.000010639565
-0.000019543428
-0.000028024097
-0.000036091835
-0.00004375688
-0.000051029423
-0.000057919602
-0.00006443751
-0.00007059315
-0.000076396485
-0.00008185736
-0.00008698556
-0.00009179075
-0.00009628253
-0.000100470366
-0.00010436362
-0.00010797156
-0.00011130329
-0.00011436783
-0.00011717406
-0.000119730714
-0.000122046426
-0.00012412966
-0.00012598874
-0.00012763187
-0.00012906709
-0.00013030232
-0.0001313453
-0.00013220364
-0.00013288479
-0.00013339605
-0.00013374457
-0.00013393736
-0.00013398123
-0.00013388289
-0.00013364888
-0.00013328559
-0.00013279922
-0.00013219587
-0.00013148146
-0.00013066173
-0.00012974236
-0.00012872876
-0.00012762629
-0.0001264401
-0.00012517524
-0.00012383658
-0.00012242887
-0.0001209567
-0.00011942451
-0.000117836644
-0.00011619727
-0.00011451043
-0.00011278005
-0.000111009904
-0.00010920363
-0.00010736478
-0.00010549673
-0.00010360275
-0.000101686026
-0.000099749566
-0.0000977963
-0.000095829026
-0.00009385044
-0.00009186313
-0.00008986956
-0.000087872104
-0.00008587304
-0.00008387452
-0.00008187861
-0.00007988728
-0.00007790241
-0.0000759258
-0.00007395912
-0.000072004
-0.00007006195
-0.00006813441
-0.000066222754
-0.000064328255
-0.00006245212
-0.00006059549
-0.00005875941
-0.00005694489
-0.00005515284
-0.000053384127
-0.000051639545
-0.00004991983
-0.00004822565
-0.00004655763
-0.000044916334
-0.000043302265
-0.00004171588
-0.000040157596
-0.000038627764
-0.0000371267
-0.000035654677
-0.00003421192
-0.000032798616
-0.000031414915
-0.000030060917
-0.000028736704
-0.000027442311
-0.000026177744
-0.00002494298
-0.00002373796
-0.000022562603
-0.000021416794
-0.000020300398
-0.000019213252
-0.000018155173
-0.00001712595
-0.000016125357
-0.000015153147
-0.000014209052
-0.000013292789
-0.000012404058
-0.000011542545
-0.000010707919
-0.000009899838
-0.000009117946
-0.00000836188
-0.000007631259
-0.000006925699
-0.0000062448044
-0.0000055881724
-0.0000049553923
-0.000004346048
-0.0000037597174
-0.0000031959726
-0.0000026543821
-0.0000021345109
-0.0000016359206
-0.0000011581704
-0.00000070081774
-0.0000002634186
0.00000015447173
0.0000005532984
0.0000009335061
0.0000012955393
0.0000016398409
0.0000019668528
0.0000022770148
0.0000025707643
0.0000028485363
0.000003110763
0.0000033578726
0.0000035902908
0.0000038084384
0.000004012733
0.0000042035867
0.000004381409
0.0000045466018
0.0000046995638
0.000004840689
0.000004970364
0.000005088972
0.0000051968887
0.000005294485
0.000005382126
0.000005460169
0.000005528968
0.000005588868
0.0000056402096
0.0000056833255
0.000005718543
0.000005746183
0.000005766558
0.0000057799766
0.0000057867387
0.0000057871384
0.0000057814636
0.000005769994
0.0000057530046
0.0000057307625
0.0000057035286
0.000005671557
0.000005635096
0.000005594386
0.000005549663
0.0000055011537
0.0000054490815
0.0000053936615
0.000005335103
0.00000527361
0.0000052093787
0.000005142601
0.000005073461
0.0000050021386
0.000004928807
0.0000048536335
0.0000047767808
0.000004698405
0.0000046186565
0.0000045376814
0.0000044556205
0.0000043726072
0.0000042887727
0.0000042042416
0.000004119134
0.0000040335644
0.000003947644
0.000003861478
0.0000037751686
0.0000036888116
0.0000036025
0.0000035163223
0.0000034303623
0.0000033447002
0.0000032594123
0.0000031745708
0.000003090244
0.0000030064975
0.0000029233925
0.0000028409866
0.0000027593348
0.0000026784885
0.0000025984955
0.0000025194013
0.0000024412477
0.0000023640744
0.0000022879174
0.0000022128106
0.000002138785
0.0000020658695
0.0000019940896
0.0000019234697
0.000001854031
0.0000017857926
0.0000017187717
0.0000016529835
0.000001588441
0.0000015251555
0.0000014631362
0.0000014023909
0.0000013429254
0.0000012847443
0.00000122785
0.0000011722442
0.0000011179267
0.0000010648961
0.0000010131496
0.0000009626833
0.00000091349216
0.00000086557
0.00000081890954
0.00000077350256
0.0000007293399
0.00000068641145
0.00000064470635
0.0000006042129
0.0000005649187
0.0000005268106
0.0000004898748
0.00000045409706
0.0000004194623
0.00000038595516
0.00000035355967
0.00000032225947
0.00000029203775
0.0000002628774
0.00000023476086
0.00000020767041
0.00000018158796
0.00000015649523
0.00000013237371
0.00000010920473
0.00000008696942
0.00000006564884
0.000000045223924
0.00000002567554
0.000000006984499
-0.000000010868416
-0.000000027902432
-0.000000044136762